global GraceB
GraceB =  [  2014, 10, 01 , 1  ;
             2014, 10, 02 , 1  ;
             2014, 10, 03 , 1  ;
             2014, 10, 04 , 1  ;
             2014, 10, 05 , 1  ;
             2014, 10, 06 , 1  ;
             2014, 10, 07 , 1  ;
             2014, 10, 08 , 1  ;
             2014, 10, 09 , 1  ;
             2014, 10, 10 , 1  ;
             2014, 10, 11 , 1  ;
             2014, 10, 12 , 1  ;
             2014, 10, 13 , 1  ;
             2014, 10, 14 , 1  ;
             2014, 10, 15 , 1  ;
             2014, 10, 16 , 1  ;
             2014, 10, 17 , 1  ;
             2014, 10, 18 , 1  ;
             2014, 10, 19 , 1  ;
             2014, 10, 20 , 1  ;
             2014, 10, 21 , 1  ;
             2014, 10, 22 , 1  ;
             2014, 10, 23 , 1  ;
             2014, 10, 24 , 1  ;
             2014, 10, 25 , 1  ;
             2014, 10, 26 , 1  ;
             2014, 10, 27 , 1  ;
             2014, 10, 28 , 1  ;
             2014, 10, 29 , 1  ;
             2014, 10, 30 , 1  ;
             2014, 11, 01 , 1  ;
             2014, 11, 02 , 1  ;
             2014, 11, 03 , 1  ;
             2014, 11, 04 , 1  ;
             2014, 11, 05 , 0  ;
             2014, 11, 06 , 0  ;
             2014, 11, 07 , 0  ;
             2014, 11, 08 , 0  ;
             2014, 11, 09 , 0  ;
             2014, 11, 10 , 0  ;
             2014, 11, 11 , 0  ;
             2014, 11, 12 , 0  ;
             2014, 11, 13 , 0  ;
             2014, 11, 14 , 0  ;
             2014, 11, 15 , 0  ;
             2014, 11, 16 , 0  ;
             2014, 11, 17 , 0  ;
             2014, 11, 18 , 0  ;
             2014, 11, 19 , 0  ;
             2014, 11, 20 , 0  ;
             2014, 11, 21 , 0  ;
             2014, 11, 22 , 0  ;
             2014, 11, 23 , 0  ;
             2014, 11, 24 , 0  ;
             2014, 11, 25 , 0  ;
             2014, 11, 26 , 0  ;
             2014, 11, 27 , 0  ;
             2014, 11, 28 , 0  ;
             2014, 11, 29 , 0  ;
             2014, 11, 30 , 0  ;
             2014, 11, 31 , 0  ;
             2015, 0, 01 , 0  ;
             2015, 0, 02 , 0  ;
             2015, 0, 03 , 0  ;
             2015, 0, 04 , 0  ;
             2015, 0, 05 , 0  ;
             2015, 0, 06 , 0  ;
             2015, 0, 07 , 1  ;
             2015, 0, 08 , 1  ;
             2015, 0, 09 , 1  ;
             2015, 0, 10 , 1  ;
             2015, 0, 11 , 1  ;
             2015, 0, 12 , 1  ;
             2015, 0, 13 , 1  ;
             2015, 0, 14 , 1  ;
             2015, 0, 15 , 1  ;
             2015, 0, 16 , 1  ;
             2015, 0, 17 , 1  ;
             2015, 0, 18 , 1  ;
             2015, 0, 19 , 1  ;
             2015, 0, 20 , 1  ;
             2015, 0, 21 , 1  ;
             2015, 0, 22 , 1  ;
             2015, 0, 23 , 1  ;
             2015, 0, 24 , 1  ;
             2015, 0, 25 , 1  ;
             2015, 0, 26 , 1  ;
             2015, 0, 27 , 1  ;
             2015, 0, 28 , 1  ;
             2015, 0, 29 , 1  ;
             2015, 0, 30 , 1  ;
             2015, 0, 31 , 1  ;
             2015, 1, 01 , 1  ;
             2015, 1, 02 , 1  ;
             2015, 1, 03 , 1  ;
             2015, 1, 04 , 1  ;
             2015, 1, 05 , 1  ;
             2015, 1, 06 , 1  ;
             2015, 1, 07 , 1  ;
             2015, 1, 08 , 1  ;
             2015, 1, 09 , 1  ;
             2015, 1, 10 , 1  ;
             2015, 1, 11 , 1  ;
             2015, 1, 12 , 1  ;
             2015, 1, 13 , 1  ;
             2015, 1, 14 , 1  ;
             2015, 1, 15 , 1  ;
             2015, 1, 16 , 1  ;
             2015, 1, 17 , 1  ;
             2015, 1, 18 , 1  ;
             2015, 1, 19 , 1  ;
             2015, 1, 20 , 1  ;
             2015, 1, 21 , 1  ;
             2015, 1, 22 , 1  ;
             2015, 1, 23 , 1  ;
             2015, 1, 24 , 1  ;
             2015, 1, 25 , 1  ;
             2015, 1, 26 , 1  ;
             2015, 1, 27 , 1  ;
             2015, 1, 28 , 1  ;
             2015, 2, 01 , 1  ;
             2015, 2, 02 , 1  ;
             2015, 2, 03 , 1  ;
             2015, 2, 04 , 1  ;
             2015, 2, 05 , 1  ;
             2015, 2, 06 , 1  ;
             2015, 2, 07 , 1  ;
             2015, 2, 08 , 1  ;
             2015, 2, 09 , 1  ;
             2015, 2, 10 , 1  ;
             2015, 2, 11 , 1  ;
             2015, 2, 12 , 1  ;
             2015, 2, 13 , 1  ;
             2015, 2, 14 , 1  ;
             2015, 2, 15 , 1  ;
             2015, 2, 16 , 1  ;
             2015, 2, 17 , 1  ;
             2015, 2, 18 , 1  ;
             2015, 2, 19 , 1  ;
             2015, 2, 20 , 1  ;
             2015, 2, 21 , 1  ;
             2015, 2, 22 , 1  ;
             2015, 2, 23 , 1  ;
             2015, 2, 24 , 1  ;
             2015, 2, 25 , 1  ;
             2015, 2, 26 , 1  ;
             2015, 2, 27 , 1  ;
             2015, 2, 28 , 1  ;
             2015, 2, 29 , 1  ;
             2015, 2, 30 , 1  ;
             2015, 2, 31 , 1  ;
             2015, 3, 01 , 1  ;
             2015, 3, 02 , 1  ;
             2015, 3, 03 , 1  ;
             2015, 3, 04 , 1  ;
             2015, 3, 05 , 1  ;
             2015, 3, 06 , 1  ;
             2015, 3, 07 , 1  ;
             2015, 3, 08 , 1  ;
             2015, 3, 09 , 1  ;
             2015, 3, 10 , 1  ;
             2015, 3, 11 , 1  ;
             2015, 3, 12 , 1  ;
             2015, 3, 13 , 1  ;
             2015, 3, 14 , 1  ;
             2015, 3, 15 , 1  ;
             2015, 3, 16 , 1  ;
             2015, 3, 17 , 1  ;
             2015, 3, 18 , 1  ;
             2015, 3, 19 , 1  ;
             2015, 3, 20 , 1  ;
             2015, 3, 21 , 1  ;
             2015, 3, 22 , 1  ;
             2015, 3, 23 , 1  ;
             2015, 3, 24 , 1  ;
             2015, 3, 25 , 1  ;
             2015, 3, 26 , 1  ;
             2015, 3, 27 , 1  ;
             2015, 3, 28 , 1  ;
             2015, 3, 29 , 1  ;
             2015, 3, 30 , 1  ;
             2015, 4, 01 , 1  ;
             2015, 4, 02 , 1  ;
             2015, 4, 03 , 1  ;
             2015, 4, 04 , 1  ;
             2015, 4, 05 , 1  ;
             2015, 4, 06 , 1  ;
             2015, 4, 07 , 1  ;
             2015, 4, 08 , 1  ;
             2015, 4, 09 , 1  ;
             2015, 4, 10 , 1  ;
             2015, 4, 11 , 1  ;
             2015, 4, 12 , 0  ;
             2015, 4, 13 , 1  ;
             2015, 4, 14 , 0  ;
             2015, 4, 15 , 0  ;
             2015, 4, 16 , 0  ;
             2015, 4, 17 , 0  ;
             2015, 4, 18 , 0  ;
             2015, 4, 19 , 0  ;
             2015, 4, 20 , 0  ;
             2015, 4, 21 , 0  ;
             2015, 4, 22 , 0  ;
             2015, 4, 23 , 0  ;
             2015, 4, 24 , 0  ;
             2015, 4, 25 , 0  ;
             2015, 4, 26 , 0  ;
             2015, 4, 27 , 0  ;
             2015, 4, 28 , 0  ;
             2015, 4, 29 , 0  ;
             2015, 4, 30 , 0  ;
             2015, 4, 31 , 0  ;
             2015, 5, 01 , 0  ;
             2015, 5, 02 , 0  ;
             2015, 5, 03 , 0  ;
             2015, 5, 04 , 0  ;
             2015, 5, 05 , 0  ;
             2015, 5, 06 , 0  ;
             2015, 5, 07 , 0  ;
             2015, 5, 08 , 0  ;
             2015, 5, 09 , 0  ;
             2015, 5, 10 , 0  ;
             2015, 5, 11 , 0  ;
             2015, 5, 12 , 0  ;
             2015, 5, 13 , 0  ;
             2015, 5, 14 , 0  ;
             2015, 5, 15 , 0  ;
             2015, 5, 16 , 0  ;
             2015, 5, 17 , 0  ;
             2015, 5, 18 , 0  ;
             2015, 5, 19 , 0  ;
             2015, 5, 20 , 0  ;
             2015, 5, 21 , 0  ;
             2015, 5, 22 , 1  ;
             2015, 5, 23 , 1  ;
             2015, 5, 24 , 1  ;
             2015, 5, 25 , 1  ;
             2015, 5, 26 , 1  ;
             2015, 5, 27 , 1  ;
             2015, 5, 28 , 1  ;
